1.745329251994329547e-02 1.701004249966729503e+03
2.617993877991494495e-02 1.698284139988735205e+03
3.490658503988659095e-02 1.694498965420684044e+03
4.363323129985823695e-02 1.689671251209263346e+03
5.235987755982988989e-02 1.683829325119873829e+03
6.108652381980153590e-02 1.677006870747273297e+03
6.981317007977318190e-02 1.669242410155424523e+03
7.853981633974482790e-02 1.660578731189621749e+03
8.726646259971647390e-02 1.651062275355167458e+03
9.599310885968811990e-02 1.640742502324341558e+03
1.047197551196597798e-01 1.629671246653748085e+03
1.134464013796314258e-01 1.617902081259823717e+03
1.221730476396030718e-01 1.605489700709888439e+03
1.308996938995747039e-01 1.592489335563985605e+03
1.396263401595463638e-01 1.578956206973128474e+03
1.483529864195180237e-01 1.564945028619493087e+03
1.570796326794896558e-01 1.550509560983306073e+03
1.658062789394613157e-01 1.535702220927110375e+03
1.745329251994329478e-01 1.520573747769853981e+03
1.832595714594046077e-01 1.505172925433451837e+03
1.919862177193762398e-01 1.489546358903458440e+03
2.007128639793478997e-01 1.473738302174526098e+03
2.094395102393195596e-01 1.457790534036447070e+03
2.181661564992911917e-01 1.441742277489534217e+03
2.268928027592628516e-01 1.425630158229804920e+03
2.356194490192344837e-01 1.409488197489859431e+03
2.443460952792061436e-01 1.393347834525553026e+03
2.530727415391778035e-01 1.377237974174216561e+03
2.617993877991494078e-01 1.361185055139813130e+03
2.705260340591210677e-01 1.345213134967615815e+03
2.792526803190927276e-01 1.329343988018240907e+03
2.879793265790643875e-01 1.313597213128499561e+03
2.967059728390360474e-01 1.297990348031069971e+03
3.054326190990076517e-01 1.282538987985811218e+03
3.141592653589793116e-01 1.267256906441121828e+03
3.228859116189509715e-01 1.252156175888897906e+03
3.316125578789226314e-01 1.237247287391537157e+03
3.403392041388942357e-01 1.222539267550388331e+03
3.490658503988658956e-01 1.208039791939171664e+03
3.577924966588375555e-01 1.193755294253692682e+03
3.665191429188092154e-01 1.179691070625166049e+03
3.752457891787808753e-01 1.165851378713201939e+03
3.839724354387524796e-01 1.152239531336901791e+03
3.926990816987241395e-01 1.138857984521589742e+03
4.014257279586957994e-01 1.125708419936383279e+03
4.101523742186674593e-01 1.112791821776889719e+03
4.188790204786391191e-01 1.100108548209905848e+03
4.276056667386107235e-01 1.087658397545488469e+03
4.363323129985823834e-01 1.075440669338154748e+03
4.450589592585540433e-01 1.063454220645064879e+03
4.537856055185257032e-01 1.051697517686707215e+03
4.625122517784973075e-01 1.040168683166052233e+03
4.712388980384689674e-01 1.028865539506995901e+03
4.799655442984406273e-01 1.017785648273017273e+03
4.886921905584122872e-01 1.006926346023448446e+03
4.974188368183839470e-01 9.962847768584995265e+02
5.061454830783556069e-01 9.858579218955916303e+02
5.148721293383272668e-01 9.756426259095591149e+02
5.235987755982988157e-01 9.656356213586673221e+02
5.323254218582704755e-01 9.558335500050003475e+02
5.410520681182421354e-01 9.462329823282507277e+02
5.497787143782137953e-01 9.368304349172666434e+02
5.585053606381854552e-01 9.276223860128046681e+02
5.672320068981571151e-01 9.186052893628190077e+02
5.759586531581287749e-01 9.097755865399379900e+02
5.846852994181004348e-01 9.011297178597640141e+02
5.934119456780720947e-01 8.926641320281506751e+02
6.021385919380436436e-01 8.843752946352963136e+02
6.108652381980153034e-01 8.762596956053630493e+02
6.195918844579869633e-01 8.683138557012354113e+02
6.283185307179586232e-01 8.605343321756622572e+02
6.370451769779302831e-01 8.529177236525032413e+02
6.457718232379019430e-01 8.454606743143976928e+02
6.544984694978736028e-01 8.381598774665453675e+02
6.632251157578452627e-01 8.310120785401948069e+02
6.719517620178169226e-01 8.240140775936177988e+02
6.806784082777884715e-01 8.171627313632685627e+02
6.894050545377601313e-01 8.104549549127794990e+02
6.981317007977317912e-01 8.038877229232939499e+02
7.068583470577034511e-01 7.974580706644004522e+02
7.155849933176751110e-01 7.911630946812744014e+02
7.243116395776467709e-01 7.849999532302676926e+02
7.330382858376184307e-01 7.789658664921296349e+02
7.417649320975900906e-01 7.730581165890746433e+02
7.504915783575617505e-01 7.672740474295960666e+02
7.592182246175332994e-01 7.616110644023359555e+02
7.679448708775049592e-01 7.560666339383174090e+02
7.766715171374766191e-01 7.506382829589609855e+02
7.853981633974482790e-01 7.453235982254219607e+02
7.941248096574199389e-01 7.401202256033196818e+02
8.028514559173915988e-01 7.350258692553755964e+02
8.115781021773632586e-01 7.300382907732785043e+02
8.203047484373349185e-01 7.251553082588119423e+02
8.290313946973065784e-01 7.203747953632672534e+02
8.377580409572782383e-01 7.156946802932606033e+02
8.464846872172497871e-01 7.111129447899144225e+02
8.552113334772214470e-01 7.066276230879576588e+02
8.639379797371931069e-01 7.022368008603638145e+02
8.726646259971647668e-01 6.979386141534332637e+02
8.813912722571364267e-01 6.937312483169088182e+02
8.901179185171080865e-01 6.896129369328129997e+02
8.988445647770797464e-01 6.855819607467051355e+02
9.075712110370514063e-01 6.816366466040623209e+02
9.162978572970230662e-01 6.777753663947069072e+02
9.250245035569946150e-01 6.739965360072917520e+02
9.337511498169662749e-01 6.702986142960230609e+02
9.424777960769379348e-01 6.666801020611553668e+02
9.512044423369095947e-01 6.631395410448621988e+02
9.599310885968812546e-01 6.596755129434978926e+02
9.686577348568529144e-01 6.562866384375797679e+02
9.773843811168245743e-01 6.529715762400131780e+02
9.861110273767962342e-01 6.497290221634707450e+02
9.948376736367678941e-01 6.465577082074589725e+02
1.003564319896739443e+00 6.434564016653300769e+02
1.012290966156711214e+00 6.404239042518765928e+02
1.021017612416682763e+00 6.374590512513296972e+02
1.029744258676654534e+00 6.345607106862894398e+02
1.038470904936626082e+00 6.317277825073377926e+02
1.047197551196597631e+00 6.289591978035294915e+02
1.055924197456569402e+00 6.262539180335896845e+02
1.064650843716540951e+00 6.236109342776987887e+02
1.073377489976512722e+00 6.210292665097800864e+02
1.082104136236484271e+00 6.185079628900880380e+02
1.090830782496456042e+00 6.160460990776812196e+02
1.099557428756427591e+00 6.136427775628468453e+02
1.108284075016399362e+00 6.112971270188713788e+02
1.117010721276370910e+00 6.090083016731257430e+02
1.125737367536342459e+00 6.067754806967793684e+02
1.134464013796314230e+00 6.045978676135014211e+02
1.143190660056285779e+00 6.024746897259199159e+02
1.151917306316257550e+00 6.004051975601031472e+02
1.160643952576229099e+00 5.983886643276518953e+02
1.169370598836200870e+00 5.964243854048683033e+02
1.178097245096172418e+00 5.945116778285294004e+02
1.186823891356144189e+00 5.926498798084418240e+02
1.195550537616115738e+00 5.908383502558854161e+02
1.204277183876087287e+00 5.890764683276411233e+02
1.213003830136059058e+00 5.873636329858010185e+02
1.221730476396030607e+00 5.856992625721175045e+02
1.230457122656002378e+00 5.840827943975067456e+02
1.239183768915973927e+00 5.825136843454880591e+02
1.247910415175945698e+00 5.809914064899720643e+02
1.256637061435917246e+00 5.795154527265506204e+02
1.265363707695889017e+00 5.780853324174252066e+02
1.274090353955860566e+00 5.767005720490150225e+02
1.282817000215832115e+00 5.753607149027412788e+02
1.291543646475803886e+00 5.740653207380991034e+02
1.300270292735775435e+00 5.728139654880187663e+02
1.308996938995747206e+00 5.716062409660834192e+02
1.317723585255718755e+00 5.704417545855235403e+02
1.326450231515690525e+00 5.693201290896761293e+02
1.335176877775662074e+00 5.682410022933024720e+02
1.343903524035633845e+00 5.672040268350549468e+02
1.352630170295605394e+00 5.662088699407860304e+02
1.361356816555576943e+00 5.652552131974488248e+02
1.370083462815548714e+00 5.643427523362548754e+02
1.378810109075520263e+00 5.634711970273946235e+02
1.387536755335492034e+00 5.626402706832449212e+02
1.396263401595463582e+00 5.618497102724628576e+02
1.404990047855435353e+00 5.610992661427807207e+02
1.413716694115406902e+00 5.603887018531396507e+02
1.422443340375378673e+00 5.597177940155961551e+02
1.431169986635350222e+00 5.590863321458898554e+02
1.439896632895321771e+00 5.584941185220169473e+02
1.448623279155293542e+00 5.579409680537792156e+02
1.457349925415265091e+00 5.574267081583615209e+02
1.466076571675236861e+00 5.569511786471762207e+02
1.474803217935208410e+00 5.565142316174795951e+02
1.483529864195180181e+00 5.561157313560340754e+02
1.492256510455151730e+00 5.557555542471636727e+02
1.500983156715123501e+00 5.554335886961932829e+02
1.509709802975095050e+00 5.551497350466969465e+02
1.518436449235066599e+00 5.549039055263591536e+02
1.527163095495038370e+00 5.546960241769678532e+02
1.535889741755009918e+00 5.545260268119807279e+02
1.544616388014981689e+00 5.543938609752669890e+02
1.553343034274953238e+00 5.542994859085584949e+02
1.562069680534925009e+00 5.542428724764504295e+02
