7.889400000000000000e+08
7.890264000000000000e+08
7.891128000000000000e+08
7.891992000000000000e+08
7.892856000000000000e+08
7.893720000000000000e+08
7.894584000000000000e+08
7.895448000000000000e+08
7.896312000000000000e+08
7.897176000000000000e+08
7.898040000000000000e+08
7.898904000000000000e+08
7.899768000000000000e+08
7.900632000000000000e+08
7.901496000000000000e+08
7.902360000000000000e+08
7.903224000000000000e+08
7.904088000000000000e+08
7.904952000000000000e+08
7.905816000000000000e+08
7.906680000000000000e+08
7.907544000000000000e+08
7.908408000000000000e+08
7.909272000000000000e+08
7.910136000000000000e+08
7.911000000000000000e+08
7.911864000000000000e+08
7.912728000000000000e+08
7.913592000000000000e+08
7.914456000000000000e+08
7.915320000000000000e+08
7.916184000000000000e+08
7.917048000000000000e+08
7.917912000000000000e+08
7.918776000000000000e+08
7.919640000000000000e+08
7.920504000000000000e+08
7.921368000000000000e+08
7.922232000000000000e+08
7.923096000000000000e+08
7.923960000000000000e+08
7.924824000000000000e+08
7.925688000000000000e+08
7.926552000000000000e+08
7.927416000000000000e+08
7.928280000000000000e+08
7.929144000000000000e+08
7.930008000000000000e+08
7.930872000000000000e+08
7.931736000000000000e+08
7.932600000000000000e+08
7.933464000000000000e+08
7.934328000000000000e+08
7.935192000000000000e+08
7.936056000000000000e+08
7.936920000000000000e+08
7.937784000000000000e+08
7.938648000000000000e+08
7.939512000000000000e+08
7.940376000000000000e+08
7.941240000000000000e+08
7.942104000000000000e+08
7.942968000000000000e+08
7.943832000000000000e+08
7.944696000000000000e+08
7.945560000000000000e+08
7.946424000000000000e+08
7.947288000000000000e+08
7.948152000000000000e+08
7.949016000000000000e+08
7.949880000000000000e+08
7.950744000000000000e+08
7.951608000000000000e+08
7.952472000000000000e+08
7.953336000000000000e+08
7.954200000000000000e+08
7.955064000000000000e+08
7.955928000000000000e+08
7.956792000000000000e+08
7.957656000000000000e+08
7.958520000000000000e+08
7.959384000000000000e+08
7.960248000000000000e+08
7.961112000000000000e+08
7.961976000000000000e+08
7.962840000000000000e+08
7.963704000000000000e+08
7.964568000000000000e+08
7.965432000000000000e+08
7.966296000000000000e+08
7.967160000000000000e+08
7.968024000000000000e+08
7.968888000000000000e+08
7.969752000000000000e+08
7.970616000000000000e+08
7.971480000000000000e+08
7.972344000000000000e+08
7.973208000000000000e+08
7.974072000000000000e+08
7.974936000000000000e+08
7.975800000000000000e+08
7.976664000000000000e+08
7.977528000000000000e+08
7.978392000000000000e+08
7.979256000000000000e+08
7.980120000000000000e+08
7.980984000000000000e+08
7.981848000000000000e+08
7.982712000000000000e+08
7.983576000000000000e+08
7.984440000000000000e+08
7.985304000000000000e+08
7.986168000000000000e+08
7.987032000000000000e+08
7.987896000000000000e+08
7.988760000000000000e+08
7.989624000000000000e+08
7.990488000000000000e+08
7.991352000000000000e+08
7.992216000000000000e+08
7.993080000000000000e+08
7.993944000000000000e+08
7.994808000000000000e+08
7.995672000000000000e+08
7.996536000000000000e+08
7.997400000000000000e+08
7.998264000000000000e+08
7.999128000000000000e+08
7.999992000000000000e+08
8.000856000000000000e+08
8.001720000000000000e+08
8.002584000000000000e+08
8.003448000000000000e+08
8.004312000000000000e+08
8.005176000000000000e+08
8.006040000000000000e+08
8.006904000000000000e+08
8.007768000000000000e+08
8.008632000000000000e+08
8.009496000000000000e+08
8.010360000000000000e+08
8.011224000000000000e+08
8.012088000000000000e+08
8.012952000000000000e+08
8.013816000000000000e+08
8.014680000000000000e+08
8.015544000000000000e+08
8.016408000000000000e+08
8.017272000000000000e+08
8.018136000000000000e+08
8.019000000000000000e+08
8.019864000000000000e+08
8.020728000000000000e+08
8.021592000000000000e+08
8.022456000000000000e+08
8.023320000000000000e+08
8.024184000000000000e+08
8.025048000000000000e+08
8.025912000000000000e+08
8.026776000000000000e+08
8.027640000000000000e+08
8.028504000000000000e+08
8.029368000000000000e+08
8.030232000000000000e+08
8.031096000000000000e+08
8.031960000000000000e+08
8.032824000000000000e+08
8.033688000000000000e+08
8.034552000000000000e+08
8.035416000000000000e+08
8.036280000000000000e+08
8.037144000000000000e+08
8.038008000000000000e+08
8.038872000000000000e+08
8.039736000000000000e+08
8.040600000000000000e+08
8.041464000000000000e+08
8.042328000000000000e+08
8.043192000000000000e+08
8.044056000000000000e+08
8.044920000000000000e+08
8.045784000000000000e+08
8.046648000000000000e+08
8.047512000000000000e+08
8.048376000000000000e+08
8.049240000000000000e+08
8.050104000000000000e+08
8.050968000000000000e+08
8.051832000000000000e+08
8.052696000000000000e+08
8.053560000000000000e+08
8.054424000000000000e+08
8.055288000000000000e+08
8.056152000000000000e+08
8.057016000000000000e+08
8.057880000000000000e+08
8.058744000000000000e+08
8.059608000000000000e+08
8.060472000000000000e+08
8.061336000000000000e+08
8.062200000000000000e+08
8.063064000000000000e+08
8.063928000000000000e+08
8.064792000000000000e+08
8.065656000000000000e+08
8.066520000000000000e+08
8.067384000000000000e+08
8.068248000000000000e+08
8.069112000000000000e+08
8.069976000000000000e+08
8.070840000000000000e+08
8.071704000000000000e+08
8.072568000000000000e+08
8.073432000000000000e+08
8.074296000000000000e+08
8.075160000000000000e+08
8.076024000000000000e+08
8.076888000000000000e+08
8.077752000000000000e+08
8.078616000000000000e+08
8.079480000000000000e+08
8.080344000000000000e+08
8.081208000000000000e+08
8.082072000000000000e+08
8.082936000000000000e+08
8.083800000000000000e+08
8.084664000000000000e+08
8.085528000000000000e+08
8.086392000000000000e+08
8.087256000000000000e+08
8.088120000000000000e+08
8.088984000000000000e+08
8.089848000000000000e+08
8.090712000000000000e+08
8.091576000000000000e+08
8.092440000000000000e+08
8.093304000000000000e+08
8.094168000000000000e+08
8.095032000000000000e+08
8.095896000000000000e+08
8.096760000000000000e+08
8.097624000000000000e+08
8.098488000000000000e+08
8.099352000000000000e+08
8.100216000000000000e+08
8.101080000000000000e+08
8.101944000000000000e+08
8.102808000000000000e+08
8.103672000000000000e+08
8.104536000000000000e+08
8.105400000000000000e+08
8.106264000000000000e+08
8.107128000000000000e+08
8.107992000000000000e+08
8.108856000000000000e+08
8.109720000000000000e+08
8.110584000000000000e+08
8.111448000000000000e+08
8.112312000000000000e+08
8.113176000000000000e+08
8.114040000000000000e+08
8.114904000000000000e+08
8.115768000000000000e+08
8.116632000000000000e+08
8.117496000000000000e+08
8.118360000000000000e+08
8.119224000000000000e+08
8.120088000000000000e+08
8.120952000000000000e+08
8.121816000000000000e+08
8.122680000000000000e+08
8.123544000000000000e+08
8.124408000000000000e+08
8.125272000000000000e+08
8.126136000000000000e+08
8.127000000000000000e+08
8.127864000000000000e+08
8.128728000000000000e+08
8.129592000000000000e+08
8.130456000000000000e+08
8.131320000000000000e+08
8.132184000000000000e+08
8.133048000000000000e+08
8.133912000000000000e+08
8.134776000000000000e+08
8.135640000000000000e+08
8.136504000000000000e+08
8.137368000000000000e+08
8.138232000000000000e+08
8.139096000000000000e+08
8.139960000000000000e+08
8.140824000000000000e+08
8.141688000000000000e+08
8.142552000000000000e+08
8.143416000000000000e+08
8.144280000000000000e+08
8.145144000000000000e+08
8.146008000000000000e+08
8.146872000000000000e+08
8.147736000000000000e+08
8.148600000000000000e+08
8.149464000000000000e+08
8.150328000000000000e+08
8.151192000000000000e+08
8.152056000000000000e+08
8.152920000000000000e+08
8.153784000000000000e+08
8.154648000000000000e+08
8.155512000000000000e+08
8.156376000000000000e+08
8.157240000000000000e+08
8.158104000000000000e+08
8.158968000000000000e+08
8.159832000000000000e+08
8.160696000000000000e+08
8.161560000000000000e+08
8.162424000000000000e+08
8.163288000000000000e+08
8.164152000000000000e+08
8.165016000000000000e+08
8.165880000000000000e+08
8.166744000000000000e+08
8.167608000000000000e+08
8.168472000000000000e+08
8.169336000000000000e+08
8.170200000000000000e+08
8.171064000000000000e+08
8.171928000000000000e+08
8.172792000000000000e+08
8.173656000000000000e+08
8.174520000000000000e+08
8.175384000000000000e+08
8.176248000000000000e+08
8.177112000000000000e+08
8.177976000000000000e+08
8.178840000000000000e+08
8.179704000000000000e+08
8.180568000000000000e+08
8.181432000000000000e+08
8.182296000000000000e+08
8.183160000000000000e+08
8.184024000000000000e+08
8.184888000000000000e+08
8.185752000000000000e+08
8.186616000000000000e+08
8.187480000000000000e+08
8.188344000000000000e+08
8.189208000000000000e+08
8.190072000000000000e+08
8.190936000000000000e+08
8.191800000000000000e+08
8.192664000000000000e+08
8.193528000000000000e+08
8.194392000000000000e+08
8.195256000000000000e+08
8.196120000000000000e+08
8.196984000000000000e+08
8.197848000000000000e+08
8.198712000000000000e+08
8.199576000000000000e+08
8.200440000000000000e+08
8.201304000000000000e+08
8.202168000000000000e+08
8.203032000000000000e+08
8.203896000000000000e+08
8.204760000000000000e+08
8.205624000000000000e+08
8.206488000000000000e+08
8.207352000000000000e+08
8.208216000000000000e+08
8.209080000000000000e+08
8.209944000000000000e+08
8.210808000000000000e+08
8.211672000000000000e+08
8.212536000000000000e+08
8.213400000000000000e+08
8.214264000000000000e+08
8.215128000000000000e+08
8.215992000000000000e+08
8.216856000000000000e+08
8.217720000000000000e+08
8.218584000000000000e+08
8.219448000000000000e+08
8.220312000000000000e+08
8.221176000000000000e+08
8.222040000000000000e+08
8.222904000000000000e+08
8.223768000000000000e+08
8.224632000000000000e+08
8.225496000000000000e+08
8.226360000000000000e+08
8.227224000000000000e+08
8.228088000000000000e+08
8.228952000000000000e+08
8.229816000000000000e+08
8.230680000000000000e+08
8.231544000000000000e+08
8.232408000000000000e+08
8.233272000000000000e+08
8.234136000000000000e+08
8.235000000000000000e+08
8.235864000000000000e+08
8.236728000000000000e+08
8.237592000000000000e+08
8.238456000000000000e+08
8.239320000000000000e+08
8.240184000000000000e+08
8.241048000000000000e+08
8.241912000000000000e+08
8.242776000000000000e+08
8.243640000000000000e+08
8.244504000000000000e+08
8.245368000000000000e+08
8.246232000000000000e+08
8.247096000000000000e+08
8.247960000000000000e+08
8.248824000000000000e+08
8.249688000000000000e+08
8.250552000000000000e+08
8.251416000000000000e+08
8.252280000000000000e+08
8.253144000000000000e+08
8.254008000000000000e+08
8.254872000000000000e+08
8.255736000000000000e+08
8.256600000000000000e+08
8.257464000000000000e+08
8.258328000000000000e+08
8.259192000000000000e+08
8.260056000000000000e+08
8.260920000000000000e+08
8.261784000000000000e+08
8.262648000000000000e+08
8.263512000000000000e+08
8.264376000000000000e+08
8.265240000000000000e+08
8.266104000000000000e+08
8.266968000000000000e+08
8.267832000000000000e+08
8.268696000000000000e+08
8.269560000000000000e+08
8.270424000000000000e+08
8.271288000000000000e+08
8.272152000000000000e+08
8.273016000000000000e+08
8.273880000000000000e+08
8.274744000000000000e+08
8.275608000000000000e+08
8.276472000000000000e+08
8.277336000000000000e+08
8.278200000000000000e+08
8.279064000000000000e+08
8.279928000000000000e+08
8.280792000000000000e+08
8.281656000000000000e+08
8.282520000000000000e+08
8.283384000000000000e+08
8.284248000000000000e+08
8.285112000000000000e+08
8.285976000000000000e+08
8.286840000000000000e+08
8.287704000000000000e+08
8.288568000000000000e+08
8.289432000000000000e+08
8.290296000000000000e+08
8.291160000000000000e+08
8.292024000000000000e+08
8.292888000000000000e+08
8.293752000000000000e+08
8.294616000000000000e+08
8.295480000000000000e+08
8.296344000000000000e+08
8.297208000000000000e+08
8.298072000000000000e+08
8.298936000000000000e+08
8.299800000000000000e+08
8.300664000000000000e+08
8.301528000000000000e+08
8.302392000000000000e+08
8.303256000000000000e+08
8.304120000000000000e+08
8.304984000000000000e+08
8.305848000000000000e+08
8.306712000000000000e+08
8.307576000000000000e+08
8.308440000000000000e+08
8.309304000000000000e+08
8.310168000000000000e+08
8.311032000000000000e+08
8.311896000000000000e+08
8.312760000000000000e+08
8.313624000000000000e+08
8.314488000000000000e+08
8.315352000000000000e+08
8.316216000000000000e+08
8.317080000000000000e+08
8.317944000000000000e+08
8.318808000000000000e+08
8.319672000000000000e+08
8.320536000000000000e+08
8.321400000000000000e+08
8.322264000000000000e+08
8.323128000000000000e+08
8.323992000000000000e+08
8.324856000000000000e+08
8.325720000000000000e+08
8.326584000000000000e+08
8.327448000000000000e+08
8.328312000000000000e+08
8.329176000000000000e+08
8.330040000000000000e+08
8.330904000000000000e+08
8.331768000000000000e+08
8.332632000000000000e+08
8.333496000000000000e+08
8.334360000000000000e+08
8.335224000000000000e+08
8.336088000000000000e+08
8.336952000000000000e+08
8.337816000000000000e+08
8.338680000000000000e+08
8.339544000000000000e+08
8.340408000000000000e+08
8.341272000000000000e+08
8.342136000000000000e+08
8.343000000000000000e+08
8.343864000000000000e+08
8.344728000000000000e+08
8.345592000000000000e+08
8.346456000000000000e+08
8.347320000000000000e+08
8.348184000000000000e+08
8.349048000000000000e+08
8.349912000000000000e+08
8.350776000000000000e+08
8.351640000000000000e+08
8.352504000000000000e+08
8.353368000000000000e+08
8.354232000000000000e+08
8.355096000000000000e+08
8.355960000000000000e+08
8.356824000000000000e+08
8.357688000000000000e+08
8.358552000000000000e+08
8.359416000000000000e+08
8.360280000000000000e+08
8.361144000000000000e+08
8.362008000000000000e+08
8.362872000000000000e+08
8.363736000000000000e+08
8.364600000000000000e+08
8.365464000000000000e+08
8.366328000000000000e+08
8.367192000000000000e+08
8.368056000000000000e+08
8.368920000000000000e+08
8.369784000000000000e+08
8.370648000000000000e+08
8.371512000000000000e+08
8.372376000000000000e+08
8.373240000000000000e+08
8.374104000000000000e+08
8.374968000000000000e+08
8.375832000000000000e+08
8.376696000000000000e+08
8.377560000000000000e+08
8.378424000000000000e+08
8.379288000000000000e+08
8.380152000000000000e+08
8.381016000000000000e+08
8.381880000000000000e+08
8.382744000000000000e+08
8.383608000000000000e+08
8.384472000000000000e+08
8.385336000000000000e+08
8.386200000000000000e+08
8.387064000000000000e+08
8.387928000000000000e+08
8.388792000000000000e+08
8.389656000000000000e+08
8.390520000000000000e+08
8.391384000000000000e+08
8.392248000000000000e+08
8.393112000000000000e+08
8.393976000000000000e+08
8.394840000000000000e+08
8.395704000000000000e+08
8.396568000000000000e+08
8.397432000000000000e+08
8.398296000000000000e+08
8.399160000000000000e+08
8.400024000000000000e+08
8.400888000000000000e+08
8.401752000000000000e+08
8.402616000000000000e+08
8.403480000000000000e+08
8.404344000000000000e+08
8.405208000000000000e+08
8.406072000000000000e+08
8.406936000000000000e+08
8.407800000000000000e+08
8.408664000000000000e+08
8.409528000000000000e+08
8.410392000000000000e+08
8.411256000000000000e+08
8.412120000000000000e+08
8.412984000000000000e+08
8.413848000000000000e+08
8.414712000000000000e+08
8.415576000000000000e+08
8.416440000000000000e+08
8.417304000000000000e+08
8.418168000000000000e+08
8.419032000000000000e+08
8.419896000000000000e+08
8.420760000000000000e+08
8.421624000000000000e+08
8.422488000000000000e+08
8.423352000000000000e+08
8.424216000000000000e+08
8.425080000000000000e+08
8.425944000000000000e+08
8.426808000000000000e+08
8.427672000000000000e+08
8.428536000000000000e+08
8.429400000000000000e+08
8.430264000000000000e+08
8.431128000000000000e+08
8.431992000000000000e+08
8.432856000000000000e+08
8.433720000000000000e+08
8.434584000000000000e+08
8.435448000000000000e+08
8.436312000000000000e+08
8.437176000000000000e+08
8.438040000000000000e+08
8.438904000000000000e+08
8.439768000000000000e+08
8.440632000000000000e+08
8.441496000000000000e+08
8.442360000000000000e+08
8.443224000000000000e+08
8.444088000000000000e+08
8.444952000000000000e+08
8.445816000000000000e+08
8.446680000000000000e+08
8.447544000000000000e+08
8.448408000000000000e+08
8.449272000000000000e+08
8.450136000000000000e+08
8.451000000000000000e+08
8.451864000000000000e+08
8.452728000000000000e+08
8.453592000000000000e+08
8.454456000000000000e+08
8.455320000000000000e+08
8.456184000000000000e+08
8.457048000000000000e+08
8.457912000000000000e+08
8.458776000000000000e+08
8.459640000000000000e+08
8.460504000000000000e+08
8.461368000000000000e+08
8.462232000000000000e+08
8.463096000000000000e+08
8.463960000000000000e+08
8.464824000000000000e+08
8.465688000000000000e+08
8.466552000000000000e+08
8.467416000000000000e+08
8.468280000000000000e+08
8.469144000000000000e+08
8.470008000000000000e+08
8.470872000000000000e+08
8.471736000000000000e+08
8.472600000000000000e+08
8.473464000000000000e+08
8.474328000000000000e+08
8.475192000000000000e+08
8.476056000000000000e+08
8.476920000000000000e+08
8.477784000000000000e+08
8.478648000000000000e+08
8.479512000000000000e+08
8.480376000000000000e+08
8.481240000000000000e+08
8.482104000000000000e+08
8.482968000000000000e+08
8.483832000000000000e+08
8.484696000000000000e+08
8.485560000000000000e+08
8.486424000000000000e+08
8.487288000000000000e+08
8.488152000000000000e+08
8.489016000000000000e+08
8.489880000000000000e+08
8.490744000000000000e+08
8.491608000000000000e+08
8.492472000000000000e+08
8.493336000000000000e+08
8.494200000000000000e+08
8.495064000000000000e+08
8.495928000000000000e+08
8.496792000000000000e+08
8.497656000000000000e+08
8.498520000000000000e+08
8.499384000000000000e+08
8.500248000000000000e+08
8.501112000000000000e+08
8.501976000000000000e+08
8.502840000000000000e+08
8.503704000000000000e+08
8.504568000000000000e+08
8.505432000000000000e+08
8.506296000000000000e+08
8.507160000000000000e+08
8.508024000000000000e+08
8.508888000000000000e+08
8.509752000000000000e+08
8.510616000000000000e+08
8.511480000000000000e+08
8.512344000000000000e+08
8.513208000000000000e+08
8.514072000000000000e+08
8.514936000000000000e+08
8.515800000000000000e+08
8.516664000000000000e+08
8.517528000000000000e+08
8.518392000000000000e+08
8.519256000000000000e+08
8.520120000000000000e+08
8.520984000000000000e+08
8.521848000000000000e+08
8.522712000000000000e+08
8.523576000000000000e+08
8.524440000000000000e+08
8.525304000000000000e+08
8.526168000000000000e+08
8.527032000000000000e+08
8.527896000000000000e+08
8.528760000000000000e+08
8.529624000000000000e+08
8.530488000000000000e+08
8.531352000000000000e+08
8.532216000000000000e+08
8.533080000000000000e+08
8.533944000000000000e+08
8.534808000000000000e+08
8.535672000000000000e+08
8.536536000000000000e+08
8.537400000000000000e+08
8.538264000000000000e+08
8.539128000000000000e+08
8.539992000000000000e+08
8.540856000000000000e+08
8.541720000000000000e+08
8.542584000000000000e+08
8.543448000000000000e+08
8.544312000000000000e+08
8.545176000000000000e+08
8.546040000000000000e+08
8.546904000000000000e+08
8.547768000000000000e+08
8.548632000000000000e+08
8.549496000000000000e+08
8.550360000000000000e+08
8.551224000000000000e+08
8.552088000000000000e+08
8.552952000000000000e+08
8.553816000000000000e+08
8.554680000000000000e+08
8.555544000000000000e+08
8.556408000000000000e+08
8.557272000000000000e+08
8.558136000000000000e+08
8.559000000000000000e+08
8.559864000000000000e+08
8.560728000000000000e+08
8.561592000000000000e+08
8.562456000000000000e+08
8.563320000000000000e+08
8.564184000000000000e+08
8.565048000000000000e+08
8.565912000000000000e+08
8.566776000000000000e+08
8.567640000000000000e+08
8.568504000000000000e+08
8.569368000000000000e+08
8.570232000000000000e+08
8.571096000000000000e+08
8.571960000000000000e+08
8.572824000000000000e+08
8.573688000000000000e+08
8.574552000000000000e+08
8.575416000000000000e+08
8.576280000000000000e+08
8.577144000000000000e+08
8.578008000000000000e+08
8.578872000000000000e+08
8.579736000000000000e+08
8.580600000000000000e+08
8.581464000000000000e+08
8.582328000000000000e+08
8.583192000000000000e+08
8.584056000000000000e+08
8.584920000000000000e+08
8.585784000000000000e+08
8.586648000000000000e+08
8.587512000000000000e+08
8.588376000000000000e+08
8.589240000000000000e+08
8.590104000000000000e+08
8.590968000000000000e+08
8.591832000000000000e+08
8.592696000000000000e+08
8.593560000000000000e+08
8.594424000000000000e+08
8.595288000000000000e+08
8.596152000000000000e+08
8.597016000000000000e+08
8.597880000000000000e+08
8.598744000000000000e+08
8.599608000000000000e+08
8.600472000000000000e+08
8.601336000000000000e+08
8.602200000000000000e+08
8.603064000000000000e+08
8.603928000000000000e+08
8.604792000000000000e+08
8.605656000000000000e+08
8.606520000000000000e+08
8.607384000000000000e+08
8.608248000000000000e+08
8.609112000000000000e+08
8.609976000000000000e+08
8.610840000000000000e+08
8.611704000000000000e+08
8.612568000000000000e+08
8.613432000000000000e+08
8.614296000000000000e+08
8.615160000000000000e+08
8.616024000000000000e+08
8.616888000000000000e+08
8.617752000000000000e+08
8.618616000000000000e+08
8.619480000000000000e+08
8.620344000000000000e+08
8.621208000000000000e+08
8.622072000000000000e+08
8.622936000000000000e+08
8.623800000000000000e+08
8.624664000000000000e+08
8.625528000000000000e+08
8.626392000000000000e+08
8.627256000000000000e+08
8.628120000000000000e+08
8.628984000000000000e+08
8.629848000000000000e+08
8.630712000000000000e+08
8.631576000000000000e+08
8.632440000000000000e+08
8.633304000000000000e+08
8.634168000000000000e+08
8.635032000000000000e+08
8.635896000000000000e+08
8.636760000000000000e+08
8.637624000000000000e+08
8.638488000000000000e+08
8.639352000000000000e+08
8.640216000000000000e+08
8.641080000000000000e+08
8.641944000000000000e+08
8.642808000000000000e+08
8.643672000000000000e+08
8.644536000000000000e+08
8.645400000000000000e+08
8.646264000000000000e+08
8.647128000000000000e+08
8.647992000000000000e+08
8.648856000000000000e+08
8.649720000000000000e+08
8.650584000000000000e+08
8.651448000000000000e+08
8.652312000000000000e+08
8.653176000000000000e+08
8.654040000000000000e+08
8.654904000000000000e+08
8.655768000000000000e+08
8.656632000000000000e+08
8.657496000000000000e+08
8.658360000000000000e+08
8.659224000000000000e+08
8.660088000000000000e+08
8.660952000000000000e+08
8.661816000000000000e+08
8.662680000000000000e+08
8.663544000000000000e+08
8.664408000000000000e+08
8.665272000000000000e+08
8.666136000000000000e+08
8.667000000000000000e+08
8.667864000000000000e+08
8.668728000000000000e+08
8.669592000000000000e+08
8.670456000000000000e+08
8.671320000000000000e+08
8.672184000000000000e+08
8.673048000000000000e+08
8.673912000000000000e+08
8.674776000000000000e+08
8.675640000000000000e+08
8.676504000000000000e+08
8.677368000000000000e+08
8.678232000000000000e+08
8.679096000000000000e+08
8.679960000000000000e+08
8.680824000000000000e+08
8.681688000000000000e+08
8.682552000000000000e+08
8.683416000000000000e+08
8.684280000000000000e+08
8.685144000000000000e+08
8.686008000000000000e+08
8.686872000000000000e+08
8.687736000000000000e+08
8.688600000000000000e+08
8.689464000000000000e+08
8.690328000000000000e+08
8.691192000000000000e+08
8.692056000000000000e+08
8.692920000000000000e+08
8.693784000000000000e+08
8.694648000000000000e+08
8.695512000000000000e+08
8.696376000000000000e+08
8.697240000000000000e+08
8.698104000000000000e+08
8.698968000000000000e+08
8.699832000000000000e+08
8.700696000000000000e+08
8.701560000000000000e+08
8.702424000000000000e+08
8.703288000000000000e+08
8.704152000000000000e+08
8.705016000000000000e+08
8.705880000000000000e+08
8.706744000000000000e+08
8.707608000000000000e+08
8.708472000000000000e+08
8.709336000000000000e+08
8.710200000000000000e+08
8.711064000000000000e+08
8.711928000000000000e+08
8.712792000000000000e+08
8.713656000000000000e+08
8.714520000000000000e+08
8.715384000000000000e+08
8.716248000000000000e+08
8.717112000000000000e+08
8.717976000000000000e+08
8.718840000000000000e+08
8.719704000000000000e+08
8.720568000000000000e+08
8.721432000000000000e+08
8.722296000000000000e+08
8.723160000000000000e+08
8.724024000000000000e+08
8.724888000000000000e+08
8.725752000000000000e+08
8.726616000000000000e+08
8.727480000000000000e+08
8.728344000000000000e+08
8.729208000000000000e+08
8.730072000000000000e+08
8.730936000000000000e+08
8.731800000000000000e+08
8.732664000000000000e+08
8.733528000000000000e+08
8.734392000000000000e+08
8.735256000000000000e+08
8.736120000000000000e+08
8.736984000000000000e+08
8.737848000000000000e+08
8.738712000000000000e+08
8.739576000000000000e+08
8.740440000000000000e+08
8.741304000000000000e+08
8.742168000000000000e+08
8.743032000000000000e+08
8.743896000000000000e+08
8.744760000000000000e+08
8.745624000000000000e+08
8.746488000000000000e+08
8.747352000000000000e+08
8.748216000000000000e+08
8.749080000000000000e+08
8.749944000000000000e+08
8.750808000000000000e+08
8.751672000000000000e+08
8.752536000000000000e+08
8.753400000000000000e+08
8.754264000000000000e+08
8.755128000000000000e+08
8.755992000000000000e+08
8.756856000000000000e+08
8.757720000000000000e+08
8.758584000000000000e+08
8.759448000000000000e+08
8.760312000000000000e+08
8.761176000000000000e+08
8.762040000000000000e+08
8.762904000000000000e+08
8.763768000000000000e+08
8.764632000000000000e+08
8.765496000000000000e+08
8.766360000000000000e+08
8.767224000000000000e+08
8.768088000000000000e+08
8.768952000000000000e+08
8.769816000000000000e+08
8.770680000000000000e+08
8.771544000000000000e+08
8.772408000000000000e+08
8.773272000000000000e+08
8.774136000000000000e+08
8.775000000000000000e+08
8.775864000000000000e+08
8.776728000000000000e+08
8.777592000000000000e+08
8.778456000000000000e+08
8.779320000000000000e+08
8.780184000000000000e+08
8.781048000000000000e+08
8.781912000000000000e+08
8.782776000000000000e+08
8.783640000000000000e+08
8.784504000000000000e+08
8.785368000000000000e+08
8.786232000000000000e+08
8.787096000000000000e+08
8.787960000000000000e+08
8.788824000000000000e+08
8.789688000000000000e+08
8.790552000000000000e+08
8.791416000000000000e+08
8.792280000000000000e+08
8.793144000000000000e+08
8.794008000000000000e+08
8.794872000000000000e+08
8.795736000000000000e+08
8.796600000000000000e+08
8.797464000000000000e+08
8.798328000000000000e+08
8.799192000000000000e+08
8.800056000000000000e+08
8.800920000000000000e+08
8.801784000000000000e+08
8.802648000000000000e+08
8.803512000000000000e+08
8.804376000000000000e+08
8.805240000000000000e+08
8.806104000000000000e+08
8.806968000000000000e+08
8.807832000000000000e+08
8.808696000000000000e+08
8.809560000000000000e+08
8.810424000000000000e+08
8.811288000000000000e+08
8.812152000000000000e+08
8.813016000000000000e+08
8.813880000000000000e+08
8.814744000000000000e+08
8.815608000000000000e+08
8.816472000000000000e+08
8.817336000000000000e+08
8.818200000000000000e+08
8.819064000000000000e+08
8.819928000000000000e+08
8.820792000000000000e+08
8.821656000000000000e+08
8.822520000000000000e+08
8.823384000000000000e+08
8.824248000000000000e+08
8.825112000000000000e+08
8.825976000000000000e+08
8.826840000000000000e+08
8.827704000000000000e+08
8.828568000000000000e+08
8.829432000000000000e+08
8.830296000000000000e+08
8.831160000000000000e+08
8.832024000000000000e+08
8.832888000000000000e+08
8.833752000000000000e+08
8.834616000000000000e+08
8.835480000000000000e+08
8.836344000000000000e+08
8.837208000000000000e+08
8.838072000000000000e+08
8.838936000000000000e+08
8.839800000000000000e+08
8.840664000000000000e+08
8.841528000000000000e+08
8.842392000000000000e+08
8.843256000000000000e+08
8.844120000000000000e+08
8.844984000000000000e+08
8.845848000000000000e+08
8.846712000000000000e+08
8.847576000000000000e+08
8.848440000000000000e+08
8.849304000000000000e+08
8.850168000000000000e+08
8.851032000000000000e+08
8.851896000000000000e+08
8.852760000000000000e+08
8.853624000000000000e+08
8.854488000000000000e+08
8.855352000000000000e+08
8.856216000000000000e+08
8.857080000000000000e+08
8.857944000000000000e+08
8.858808000000000000e+08
8.859672000000000000e+08
8.860536000000000000e+08
8.861400000000000000e+08
8.862264000000000000e+08
8.863128000000000000e+08
8.863992000000000000e+08
8.864856000000000000e+08
8.865720000000000000e+08
8.866584000000000000e+08
8.867448000000000000e+08
8.868312000000000000e+08
8.869176000000000000e+08
8.870040000000000000e+08
8.870904000000000000e+08
8.871768000000000000e+08
8.872632000000000000e+08
8.873496000000000000e+08
8.874360000000000000e+08
8.875224000000000000e+08
8.876088000000000000e+08
8.876952000000000000e+08
8.877816000000000000e+08
8.878680000000000000e+08
8.879544000000000000e+08
8.880408000000000000e+08
8.881272000000000000e+08
8.882136000000000000e+08
8.883000000000000000e+08
8.883864000000000000e+08
8.884728000000000000e+08
8.885592000000000000e+08
8.886456000000000000e+08
8.887320000000000000e+08
8.888184000000000000e+08
8.889048000000000000e+08
8.889912000000000000e+08
8.890776000000000000e+08
8.891640000000000000e+08
8.892504000000000000e+08
8.893368000000000000e+08
8.894232000000000000e+08
8.895096000000000000e+08
8.895960000000000000e+08
8.896824000000000000e+08
8.897688000000000000e+08
8.898552000000000000e+08
8.899416000000000000e+08
8.900280000000000000e+08
8.901144000000000000e+08
8.902008000000000000e+08
8.902872000000000000e+08
8.903736000000000000e+08
8.904600000000000000e+08
8.905464000000000000e+08
8.906328000000000000e+08
8.907192000000000000e+08
8.908056000000000000e+08
8.908920000000000000e+08
8.909784000000000000e+08
8.910648000000000000e+08
8.911512000000000000e+08
8.912376000000000000e+08
8.913240000000000000e+08
8.914104000000000000e+08
8.914968000000000000e+08
8.915832000000000000e+08
8.916696000000000000e+08
8.917560000000000000e+08
8.918424000000000000e+08
8.919288000000000000e+08
8.920152000000000000e+08
8.921016000000000000e+08
8.921880000000000000e+08
8.922744000000000000e+08
8.923608000000000000e+08
8.924472000000000000e+08
8.925336000000000000e+08
8.926200000000000000e+08
8.927064000000000000e+08
8.927928000000000000e+08
8.928792000000000000e+08
8.929656000000000000e+08
8.930520000000000000e+08
8.931384000000000000e+08
8.932248000000000000e+08
8.933112000000000000e+08
8.933976000000000000e+08
8.934840000000000000e+08
8.935704000000000000e+08
8.936568000000000000e+08
8.937432000000000000e+08
8.938296000000000000e+08
8.939160000000000000e+08
8.940024000000000000e+08
8.940888000000000000e+08
8.941752000000000000e+08
8.942616000000000000e+08
8.943480000000000000e+08
8.944344000000000000e+08
8.945208000000000000e+08
8.946072000000000000e+08
8.946936000000000000e+08
8.947800000000000000e+08
8.948664000000000000e+08
8.949528000000000000e+08
8.950392000000000000e+08
8.951256000000000000e+08
8.952120000000000000e+08
8.952984000000000000e+08
8.953848000000000000e+08
8.954712000000000000e+08
8.955576000000000000e+08
8.956440000000000000e+08
8.957304000000000000e+08
8.958168000000000000e+08
8.959032000000000000e+08
8.959896000000000000e+08
8.960760000000000000e+08
8.961624000000000000e+08
8.962488000000000000e+08
8.963352000000000000e+08
8.964216000000000000e+08
8.965080000000000000e+08
8.965944000000000000e+08
8.966808000000000000e+08
8.967672000000000000e+08
8.968536000000000000e+08
8.969400000000000000e+08
8.970264000000000000e+08
8.971128000000000000e+08
8.971992000000000000e+08
8.972856000000000000e+08
8.973720000000000000e+08
8.974584000000000000e+08
8.975448000000000000e+08
8.976312000000000000e+08
8.977176000000000000e+08
8.978040000000000000e+08
8.978904000000000000e+08
8.979768000000000000e+08
8.980632000000000000e+08
8.981496000000000000e+08
8.982360000000000000e+08
8.983224000000000000e+08
8.984088000000000000e+08
8.984952000000000000e+08
8.985816000000000000e+08
8.986680000000000000e+08
8.987544000000000000e+08
8.988408000000000000e+08
8.989272000000000000e+08
8.990136000000000000e+08
8.991000000000000000e+08
8.991864000000000000e+08
8.992728000000000000e+08
8.993592000000000000e+08
8.994456000000000000e+08
8.995320000000000000e+08
8.996184000000000000e+08
8.997048000000000000e+08
8.997912000000000000e+08
8.998776000000000000e+08
8.999640000000000000e+08
9.000504000000000000e+08
9.001368000000000000e+08
9.002232000000000000e+08
9.003096000000000000e+08
9.003960000000000000e+08
9.004824000000000000e+08
9.005688000000000000e+08
9.006552000000000000e+08
9.007416000000000000e+08
9.008280000000000000e+08
9.009144000000000000e+08
9.010008000000000000e+08
9.010872000000000000e+08
9.011736000000000000e+08
9.012600000000000000e+08
9.013464000000000000e+08
9.014328000000000000e+08
9.015192000000000000e+08
9.016056000000000000e+08
9.016920000000000000e+08
9.017784000000000000e+08
9.018648000000000000e+08
9.019512000000000000e+08
9.020376000000000000e+08
9.021240000000000000e+08
9.022104000000000000e+08
9.022968000000000000e+08
9.023832000000000000e+08
9.024696000000000000e+08
9.025560000000000000e+08
9.026424000000000000e+08
9.027288000000000000e+08
9.028152000000000000e+08
9.029016000000000000e+08
9.029880000000000000e+08
9.030744000000000000e+08
9.031608000000000000e+08
9.032472000000000000e+08
9.033336000000000000e+08
9.034200000000000000e+08
9.035064000000000000e+08
9.035928000000000000e+08
9.036792000000000000e+08
9.037656000000000000e+08
9.038520000000000000e+08
9.039384000000000000e+08
9.040248000000000000e+08
9.041112000000000000e+08
9.041976000000000000e+08
9.042840000000000000e+08
9.043704000000000000e+08
9.044568000000000000e+08
9.045432000000000000e+08
9.046296000000000000e+08
9.047160000000000000e+08
9.048024000000000000e+08
9.048888000000000000e+08
9.049752000000000000e+08
9.050616000000000000e+08
9.051480000000000000e+08
9.052344000000000000e+08
9.053208000000000000e+08
9.054072000000000000e+08
9.054936000000000000e+08
9.055800000000000000e+08
9.056664000000000000e+08
9.057528000000000000e+08
9.058392000000000000e+08
9.059256000000000000e+08
9.060120000000000000e+08
9.060984000000000000e+08
9.061848000000000000e+08
9.062712000000000000e+08
9.063576000000000000e+08
9.064440000000000000e+08
9.065304000000000000e+08
9.066168000000000000e+08
9.067032000000000000e+08
9.067896000000000000e+08
9.068760000000000000e+08
9.069624000000000000e+08
9.070488000000000000e+08
9.071352000000000000e+08
9.072216000000000000e+08
9.073080000000000000e+08
9.073944000000000000e+08
9.074808000000000000e+08
9.075672000000000000e+08
9.076536000000000000e+08
9.077400000000000000e+08
9.078264000000000000e+08
9.079128000000000000e+08
9.079992000000000000e+08
9.080856000000000000e+08
9.081720000000000000e+08
9.082584000000000000e+08
9.083448000000000000e+08
9.084312000000000000e+08
9.085176000000000000e+08
9.086040000000000000e+08
9.086904000000000000e+08
9.087768000000000000e+08
9.088632000000000000e+08
9.089496000000000000e+08
9.090360000000000000e+08
9.091224000000000000e+08
9.092088000000000000e+08
9.092952000000000000e+08
9.093816000000000000e+08
9.094680000000000000e+08
9.095544000000000000e+08
9.096408000000000000e+08
9.097272000000000000e+08
9.098136000000000000e+08
9.099000000000000000e+08
9.099864000000000000e+08
9.100728000000000000e+08
9.101592000000000000e+08
9.102456000000000000e+08
9.103320000000000000e+08
9.104184000000000000e+08
9.105048000000000000e+08
9.105912000000000000e+08
9.106776000000000000e+08
9.107640000000000000e+08
9.108504000000000000e+08
9.109368000000000000e+08
9.110232000000000000e+08
9.111096000000000000e+08
9.111960000000000000e+08
9.112824000000000000e+08
9.113688000000000000e+08
9.114552000000000000e+08
9.115416000000000000e+08
9.116280000000000000e+08
9.117144000000000000e+08
9.118008000000000000e+08
9.118872000000000000e+08
9.119736000000000000e+08
9.120600000000000000e+08
9.121464000000000000e+08
9.122328000000000000e+08
9.123192000000000000e+08
9.124056000000000000e+08
9.124920000000000000e+08
9.125784000000000000e+08
9.126648000000000000e+08
9.127512000000000000e+08
9.128376000000000000e+08
9.129240000000000000e+08
9.130104000000000000e+08
9.130968000000000000e+08
9.131832000000000000e+08
9.132696000000000000e+08
9.133560000000000000e+08
9.134424000000000000e+08
9.135288000000000000e+08
9.136152000000000000e+08
9.137016000000000000e+08
9.137880000000000000e+08
9.138744000000000000e+08
9.139608000000000000e+08
9.140472000000000000e+08
9.141336000000000000e+08
9.142200000000000000e+08
9.143064000000000000e+08
9.143928000000000000e+08
9.144792000000000000e+08
9.145656000000000000e+08
9.146520000000000000e+08
9.147384000000000000e+08
9.148248000000000000e+08
9.149112000000000000e+08
9.149976000000000000e+08
9.150840000000000000e+08
9.151704000000000000e+08
9.152568000000000000e+08
9.153432000000000000e+08
9.154296000000000000e+08
9.155160000000000000e+08
9.156024000000000000e+08
9.156888000000000000e+08
9.157752000000000000e+08
9.158616000000000000e+08
9.159480000000000000e+08
9.160344000000000000e+08
9.161208000000000000e+08
9.162072000000000000e+08
9.162936000000000000e+08
9.163800000000000000e+08
9.164664000000000000e+08
9.165528000000000000e+08
9.166392000000000000e+08
9.167256000000000000e+08
9.168120000000000000e+08
9.168984000000000000e+08
9.169848000000000000e+08
9.170712000000000000e+08
9.171576000000000000e+08
9.172440000000000000e+08
9.173304000000000000e+08
9.174168000000000000e+08
9.175032000000000000e+08
9.175896000000000000e+08
9.176760000000000000e+08
9.177624000000000000e+08
9.178488000000000000e+08
9.179352000000000000e+08
9.180216000000000000e+08
9.181080000000000000e+08
9.181944000000000000e+08
9.182808000000000000e+08
9.183672000000000000e+08
9.184536000000000000e+08
9.185400000000000000e+08
9.186264000000000000e+08
9.187128000000000000e+08
9.187992000000000000e+08
9.188856000000000000e+08
9.189720000000000000e+08
9.190584000000000000e+08
9.191448000000000000e+08
9.192312000000000000e+08
9.193176000000000000e+08
9.194040000000000000e+08
9.194904000000000000e+08
9.195768000000000000e+08
9.196632000000000000e+08
9.197496000000000000e+08
9.198360000000000000e+08
9.199224000000000000e+08
9.200088000000000000e+08
9.200952000000000000e+08
9.201816000000000000e+08
9.202680000000000000e+08
9.203544000000000000e+08
9.204408000000000000e+08
9.205272000000000000e+08
9.206136000000000000e+08
9.207000000000000000e+08
9.207864000000000000e+08
9.208728000000000000e+08
9.209592000000000000e+08
9.210456000000000000e+08
9.211320000000000000e+08
9.212184000000000000e+08
9.213048000000000000e+08
9.213912000000000000e+08
9.214776000000000000e+08
9.215640000000000000e+08
9.216504000000000000e+08
9.217368000000000000e+08
9.218232000000000000e+08
9.219096000000000000e+08
9.219960000000000000e+08
9.220824000000000000e+08
9.221688000000000000e+08
9.222552000000000000e+08
9.223416000000000000e+08
9.224280000000000000e+08
9.225144000000000000e+08
9.226008000000000000e+08
9.226872000000000000e+08
9.227736000000000000e+08
9.228600000000000000e+08
9.229464000000000000e+08
9.230328000000000000e+08
9.231192000000000000e+08
9.232056000000000000e+08
9.232920000000000000e+08
9.233784000000000000e+08
9.234648000000000000e+08
9.235512000000000000e+08
9.236376000000000000e+08
