8.640000000000000000e+06
8.726400000000000000e+06
8.812800000000000000e+06
8.899200000000000000e+06
8.985600000000000000e+06
9.072000000000000000e+06
9.158400000000000000e+06
9.244800000000000000e+06
9.331200000000000000e+06
9.417600000000000000e+06
9.504000000000000000e+06
9.590400000000000000e+06
9.676800000000000000e+06
9.763200000000000000e+06
9.849600000000000000e+06
9.936000000000000000e+06
1.002240000000000000e+07
1.010880000000000000e+07
1.019520000000000000e+07
1.028160000000000000e+07
1.036800000000000000e+07
1.045440000000000000e+07
1.054080000000000000e+07
1.062720000000000000e+07
1.071360000000000000e+07
1.080000000000000000e+07
1.088640000000000000e+07
1.097280000000000000e+07
1.105920000000000000e+07
1.114560000000000000e+07
1.123200000000000000e+07
1.131840000000000000e+07
1.140480000000000000e+07
1.149120000000000000e+07
1.157760000000000000e+07
1.166400000000000000e+07
1.175040000000000000e+07
1.183680000000000000e+07
1.192320000000000000e+07
1.200960000000000000e+07
1.209600000000000000e+07
1.218240000000000000e+07
1.226880000000000000e+07
1.235520000000000000e+07
1.244160000000000000e+07
1.252800000000000000e+07
1.261440000000000000e+07
1.270080000000000000e+07
1.278720000000000000e+07
1.287360000000000000e+07
1.296000000000000000e+07
1.304640000000000000e+07
1.313280000000000000e+07
1.321920000000000000e+07
1.330560000000000000e+07
1.339200000000000000e+07
1.347840000000000000e+07
1.356480000000000000e+07
1.365120000000000000e+07
1.373760000000000000e+07
1.382400000000000000e+07
1.391040000000000000e+07
1.399680000000000000e+07
1.408320000000000000e+07
1.416960000000000000e+07
1.425600000000000000e+07
1.434240000000000000e+07
1.442880000000000000e+07
1.451520000000000000e+07
1.460160000000000000e+07
1.468800000000000000e+07
1.477440000000000000e+07
1.486080000000000000e+07
1.494720000000000000e+07
1.503360000000000000e+07
1.512000000000000000e+07
1.520640000000000000e+07
1.529280000000000000e+07
1.537920000000000000e+07
1.546560000000000000e+07
1.555200000000000000e+07
1.563840000000000000e+07
1.572480000000000000e+07
1.581120000000000000e+07
1.589760000000000000e+07
1.598400000000000000e+07
1.607040000000000000e+07
1.615680000000000000e+07
1.624320000000000000e+07
1.632960000000000000e+07
1.641600000000000000e+07
1.650240000000000000e+07
1.658880000000000000e+07
1.667520000000000000e+07
1.676160000000000000e+07
1.684800000000000000e+07
1.693440000000000000e+07
1.702080000000000000e+07
1.710720000000000000e+07
1.719360000000000000e+07
1.728000000000000000e+07
1.736640000000000000e+07
1.745280000000000000e+07
1.753920000000000000e+07
1.762560000000000000e+07
1.771200000000000000e+07
1.779840000000000000e+07
1.788480000000000000e+07
1.797120000000000000e+07
1.805760000000000000e+07
1.814400000000000000e+07
1.823040000000000000e+07
1.831680000000000000e+07
1.840320000000000000e+07
1.848960000000000000e+07
1.857600000000000000e+07
1.866240000000000000e+07
1.874880000000000000e+07
1.883520000000000000e+07
1.892160000000000000e+07
1.900800000000000000e+07
1.909440000000000000e+07
1.918080000000000000e+07
1.926720000000000000e+07
1.935360000000000000e+07
1.944000000000000000e+07
1.952640000000000000e+07
1.961280000000000000e+07
1.969920000000000000e+07
1.978560000000000000e+07
1.987200000000000000e+07
1.995840000000000000e+07
2.004480000000000000e+07
2.013120000000000000e+07
2.021760000000000000e+07
2.030400000000000000e+07
2.039040000000000000e+07
2.047680000000000000e+07
2.056320000000000000e+07
2.064960000000000000e+07
2.073600000000000000e+07
2.082240000000000000e+07
2.090880000000000000e+07
2.099520000000000000e+07
2.108160000000000000e+07
2.116800000000000000e+07
2.125440000000000000e+07
2.134080000000000000e+07
2.142720000000000000e+07
2.151360000000000000e+07
2.160000000000000000e+07
2.168640000000000000e+07
2.177280000000000000e+07
2.185920000000000000e+07
2.194560000000000000e+07
2.203200000000000000e+07
2.211840000000000000e+07
2.220480000000000000e+07
2.229120000000000000e+07
2.237760000000000000e+07
2.246400000000000000e+07
2.255040000000000000e+07
2.263680000000000000e+07
2.272320000000000000e+07
2.280960000000000000e+07
2.289600000000000000e+07
2.298240000000000000e+07
2.306880000000000000e+07
2.315520000000000000e+07
2.324160000000000000e+07
2.332800000000000000e+07
2.341440000000000000e+07
2.350080000000000000e+07
2.358720000000000000e+07
2.367360000000000000e+07
2.376000000000000000e+07
2.384640000000000000e+07
2.393280000000000000e+07
2.401920000000000000e+07
2.410560000000000000e+07
2.419200000000000000e+07
2.427840000000000000e+07
2.436480000000000000e+07
2.445120000000000000e+07
2.453760000000000000e+07
2.462400000000000000e+07
2.471040000000000000e+07
2.479680000000000000e+07
2.488320000000000000e+07
2.496960000000000000e+07
2.505600000000000000e+07
2.514240000000000000e+07
2.522880000000000000e+07
2.531520000000000000e+07
2.540160000000000000e+07
2.548800000000000000e+07
2.557440000000000000e+07
2.566080000000000000e+07
2.574720000000000000e+07
2.583360000000000000e+07
2.592000000000000000e+07
2.600640000000000000e+07
2.609280000000000000e+07
2.617920000000000000e+07
2.626560000000000000e+07
2.635200000000000000e+07
2.643840000000000000e+07
2.652480000000000000e+07
2.661120000000000000e+07
2.669760000000000000e+07
2.678400000000000000e+07
2.687040000000000000e+07
2.695680000000000000e+07
2.704320000000000000e+07
2.712960000000000000e+07
2.721600000000000000e+07
2.730240000000000000e+07
2.738880000000000000e+07
2.747520000000000000e+07
2.756160000000000000e+07
2.764800000000000000e+07
2.773440000000000000e+07
2.782080000000000000e+07
2.790720000000000000e+07
2.799360000000000000e+07
2.808000000000000000e+07
2.816640000000000000e+07
2.825280000000000000e+07
2.833920000000000000e+07
2.842560000000000000e+07
2.851200000000000000e+07
2.859840000000000000e+07
2.868480000000000000e+07
2.877120000000000000e+07
2.885760000000000000e+07
2.894400000000000000e+07
2.903040000000000000e+07
2.911680000000000000e+07
2.920320000000000000e+07
2.928960000000000000e+07
2.937600000000000000e+07
2.946240000000000000e+07
2.954880000000000000e+07
2.963520000000000000e+07
2.972160000000000000e+07
2.980800000000000000e+07
2.989440000000000000e+07
2.998080000000000000e+07
3.006720000000000000e+07
3.015360000000000000e+07
3.024000000000000000e+07
3.032640000000000000e+07
3.041280000000000000e+07
3.049920000000000000e+07
3.058560000000000000e+07
3.067200000000000000e+07
3.075840000000000000e+07
3.084480000000000000e+07
3.093120000000000000e+07
3.101760000000000000e+07
3.110400000000000000e+07
3.119040000000000000e+07
3.127680000000000000e+07
3.136320000000000000e+07
3.144960000000000000e+07
3.153600000000000000e+07
3.162240000000000000e+07
3.170880000000000000e+07
3.179520000000000000e+07
3.188160000000000000e+07
3.196800000000000000e+07
3.205440000000000000e+07
3.214080000000000000e+07
3.222720000000000000e+07
3.231360000000000000e+07
3.240000000000000000e+07
3.248640000000000000e+07
3.257280000000000000e+07
3.265920000000000000e+07
3.274560000000000000e+07
3.283200000000000000e+07
3.291840000000000000e+07
3.300480000000000000e+07
3.309120000000000000e+07
3.317760000000000000e+07
3.326400000000000000e+07
3.335040000000000000e+07
3.343680000000000000e+07
3.352320000000000000e+07
3.360960000000000000e+07
3.369600000000000000e+07
3.378240000000000000e+07
3.386880000000000000e+07
3.395520000000000000e+07
3.404160000000000000e+07
3.412800000000000000e+07
3.421440000000000000e+07
3.430080000000000000e+07
3.438720000000000000e+07
3.447360000000000000e+07
3.456000000000000000e+07
3.464640000000000000e+07
3.473280000000000000e+07
3.481920000000000000e+07
3.490560000000000000e+07
3.499200000000000000e+07
3.507840000000000000e+07
3.516480000000000000e+07
3.525120000000000000e+07
3.533760000000000000e+07
3.542400000000000000e+07
3.551040000000000000e+07
3.559680000000000000e+07
3.568320000000000000e+07
3.576960000000000000e+07
3.585600000000000000e+07
3.594240000000000000e+07
3.602880000000000000e+07
3.611520000000000000e+07
3.620160000000000000e+07
3.628800000000000000e+07
3.637440000000000000e+07
3.646080000000000000e+07
3.654720000000000000e+07
3.663360000000000000e+07
3.672000000000000000e+07
3.680640000000000000e+07
3.689280000000000000e+07
3.697920000000000000e+07
3.706560000000000000e+07
3.715200000000000000e+07
3.723840000000000000e+07
3.732480000000000000e+07
3.741120000000000000e+07
3.749760000000000000e+07
3.758400000000000000e+07
3.767040000000000000e+07
3.775680000000000000e+07
3.784320000000000000e+07
3.792960000000000000e+07
3.801600000000000000e+07
3.810240000000000000e+07
3.818880000000000000e+07
3.827520000000000000e+07
3.836160000000000000e+07
3.844800000000000000e+07
3.853440000000000000e+07
3.862080000000000000e+07
3.870720000000000000e+07
3.879360000000000000e+07
3.888000000000000000e+07
3.896640000000000000e+07
3.905280000000000000e+07
3.913920000000000000e+07
3.922560000000000000e+07
3.931200000000000000e+07
3.939840000000000000e+07
3.948480000000000000e+07
3.957120000000000000e+07
3.965760000000000000e+07
3.974400000000000000e+07
3.983040000000000000e+07
3.991680000000000000e+07
4.000320000000000000e+07
4.008960000000000000e+07
4.017600000000000000e+07
4.026240000000000000e+07
4.034880000000000000e+07
4.043520000000000000e+07
4.052160000000000000e+07
4.060800000000000000e+07
4.069440000000000000e+07
4.078080000000000000e+07
4.086720000000000000e+07
4.095360000000000000e+07
4.104000000000000000e+07
4.112640000000000000e+07
4.121280000000000000e+07
4.129920000000000000e+07
4.138560000000000000e+07
4.147200000000000000e+07
4.155840000000000000e+07
4.164480000000000000e+07
4.173120000000000000e+07
4.181760000000000000e+07
4.190400000000000000e+07
4.199040000000000000e+07
4.207680000000000000e+07
4.216320000000000000e+07
4.224960000000000000e+07
4.233600000000000000e+07
4.242240000000000000e+07
4.250880000000000000e+07
4.259520000000000000e+07
4.268160000000000000e+07
4.276800000000000000e+07
4.285440000000000000e+07
4.294080000000000000e+07
4.302720000000000000e+07
4.311360000000000000e+07
4.320000000000000000e+07
4.328640000000000000e+07
4.337280000000000000e+07
4.345920000000000000e+07
4.354560000000000000e+07
4.363200000000000000e+07
4.371840000000000000e+07
4.380480000000000000e+07
4.389120000000000000e+07
4.397760000000000000e+07
4.406400000000000000e+07
4.415040000000000000e+07
4.423680000000000000e+07
4.432320000000000000e+07
4.440960000000000000e+07
4.449600000000000000e+07
4.458240000000000000e+07
4.466880000000000000e+07
4.475520000000000000e+07
4.484160000000000000e+07
4.492800000000000000e+07
4.501440000000000000e+07
4.510080000000000000e+07
4.518720000000000000e+07
4.527360000000000000e+07
4.536000000000000000e+07
4.544640000000000000e+07
4.553280000000000000e+07
4.561920000000000000e+07
4.570560000000000000e+07
4.579200000000000000e+07
4.587840000000000000e+07
4.596480000000000000e+07
4.605120000000000000e+07
4.613760000000000000e+07
4.622400000000000000e+07
4.631040000000000000e+07
4.639680000000000000e+07
4.648320000000000000e+07
4.656960000000000000e+07
4.665600000000000000e+07
4.674240000000000000e+07
4.682880000000000000e+07
4.691520000000000000e+07
4.700160000000000000e+07
4.708800000000000000e+07
4.717440000000000000e+07
4.726080000000000000e+07
4.734720000000000000e+07
4.743360000000000000e+07
4.752000000000000000e+07
4.760640000000000000e+07
4.769280000000000000e+07
4.777920000000000000e+07
4.786560000000000000e+07
4.795200000000000000e+07
4.803840000000000000e+07
4.812480000000000000e+07
4.821120000000000000e+07
4.829760000000000000e+07
4.838400000000000000e+07
4.847040000000000000e+07
4.855680000000000000e+07
4.864320000000000000e+07
4.872960000000000000e+07
4.881600000000000000e+07
4.890240000000000000e+07
4.898880000000000000e+07
4.907520000000000000e+07
4.916160000000000000e+07
4.924800000000000000e+07
4.933440000000000000e+07
4.942080000000000000e+07
4.950720000000000000e+07
4.959360000000000000e+07
4.968000000000000000e+07
4.976640000000000000e+07
4.985280000000000000e+07
4.993920000000000000e+07
5.002560000000000000e+07
5.011200000000000000e+07
5.019840000000000000e+07
5.028480000000000000e+07
5.037120000000000000e+07
5.045760000000000000e+07
5.054400000000000000e+07
5.063040000000000000e+07
5.071680000000000000e+07
5.080320000000000000e+07
5.088960000000000000e+07
5.097600000000000000e+07
5.106240000000000000e+07
5.114880000000000000e+07
5.123520000000000000e+07
5.132160000000000000e+07
5.140800000000000000e+07
5.149440000000000000e+07
5.158080000000000000e+07
5.166720000000000000e+07
5.175360000000000000e+07
5.184000000000000000e+07
5.192640000000000000e+07
5.201280000000000000e+07
5.209920000000000000e+07
5.218560000000000000e+07
5.227200000000000000e+07
5.235840000000000000e+07
5.244480000000000000e+07
5.253120000000000000e+07
5.261760000000000000e+07
5.270400000000000000e+07
5.279040000000000000e+07
5.287680000000000000e+07
5.296320000000000000e+07
5.304960000000000000e+07
5.313600000000000000e+07
5.322240000000000000e+07
5.330880000000000000e+07
5.339520000000000000e+07
5.348160000000000000e+07
5.356800000000000000e+07
5.365440000000000000e+07
5.374080000000000000e+07
5.382720000000000000e+07
5.391360000000000000e+07
5.400000000000000000e+07
5.408640000000000000e+07
5.417280000000000000e+07
5.425920000000000000e+07
5.434560000000000000e+07
5.443200000000000000e+07
5.451840000000000000e+07
5.460480000000000000e+07
5.469120000000000000e+07
5.477760000000000000e+07
5.486400000000000000e+07
5.495040000000000000e+07
5.503680000000000000e+07
5.512320000000000000e+07
5.520960000000000000e+07
5.529600000000000000e+07
5.538240000000000000e+07
5.546880000000000000e+07
5.555520000000000000e+07
5.564160000000000000e+07
5.572800000000000000e+07
5.581440000000000000e+07
5.590080000000000000e+07
5.598720000000000000e+07
5.607360000000000000e+07
5.616000000000000000e+07
5.624640000000000000e+07
5.633280000000000000e+07
5.641920000000000000e+07
5.650560000000000000e+07
5.659200000000000000e+07
5.667840000000000000e+07
5.676480000000000000e+07
5.685120000000000000e+07
5.693760000000000000e+07
5.702400000000000000e+07
5.711040000000000000e+07
5.719680000000000000e+07
5.728320000000000000e+07
5.736960000000000000e+07
5.745600000000000000e+07
5.754240000000000000e+07
5.762880000000000000e+07
5.771520000000000000e+07
5.780160000000000000e+07
5.788800000000000000e+07
5.797440000000000000e+07
5.806080000000000000e+07
5.814720000000000000e+07
5.823360000000000000e+07
5.832000000000000000e+07
5.840640000000000000e+07
5.849280000000000000e+07
5.857920000000000000e+07
5.866560000000000000e+07
5.875200000000000000e+07
5.883840000000000000e+07
5.892480000000000000e+07
5.901120000000000000e+07
5.909760000000000000e+07
5.918400000000000000e+07
5.927040000000000000e+07
5.935680000000000000e+07
5.944320000000000000e+07
5.952960000000000000e+07
5.961600000000000000e+07
5.970240000000000000e+07
5.978880000000000000e+07
5.987520000000000000e+07
5.996160000000000000e+07
6.004800000000000000e+07
6.013440000000000000e+07
6.022080000000000000e+07
6.030720000000000000e+07
6.039360000000000000e+07
